  0.0340   0.7416    1
 -0.0900   0.6646    1
  0.1352   0.5397    1
 -0.0945   0.6591    1
  0.1366   0.4279    1
  0.0750   0.7247    1
  0.0901   0.6382    1
  0.4482   0.2904    4
 -0.0799   1.0358    3
  0.0815   0.8213    1
  0.0677   0.5588    1
  0.0884   0.7407    1
  0.0531   0.5375    1
  0.0632   0.5311    1
  0.4304   0.3525    4
 -0.1194   0.7007    1
  0.0273   0.5553    1
  0.0522   0.8572    3
  0.2426   0.4644    1
 -0.0347   0.6527    1
  0.0207   0.9314    3
  0.5339   0.2732    4
  0.0735   0.5971    1
  0.4622   0.1489    4
  0.0383   0.7016    1
  0.1440   0.7417    1
  0.2932   0.5750    1
  0.1341   0.6524    1
  0.0452   0.6596    1
  0.0430   0.6822    1
  0.4398   0.2498    4
  0.2201   0.7153    1
  0.5890   0.2177    4
 -0.0629   0.7600    1
  0.0990   0.5529    1
  0.1693   0.4940    1
  0.4874   0.3655    4
  0.0499   0.7746    1
  0.0485   0.6756    1
  0.2210   0.5387    1
  0.5136   0.2102    4
  0.0835   0.5556    1
  0.3451   0.6187    1
  0.1605   0.5439    1
  0.1283   0.6429    1
  0.1131   0.5335    1
  0.2539   0.9718    3
  0.1975   0.4801    1
  0.0998   0.7200    1
  0.2582   0.7729    1
  0.0608   0.6060    1
  0.1409   0.4179    1
 -0.0669   0.5117    1
  0.4345   0.1526    4
  0.1215   0.5880    1
  0.1515   0.7725    1
  0.3656   0.2181    4
  0.1090   0.7604    1
  0.1848   0.6257    1
  0.1373   0.8218    3
  0.0730   0.5664    1
  0.0791   0.6317    1
  0.4844   0.3191    4
  0.0072   0.5818    1
  0.4202   0.1774    4
 -0.0012   0.7604    1
  0.0121   0.6659    1
 -0.0020   0.5595    1
  0.0045   0.7148    3
  0.1864   0.7838    1
  0.0323   0.5449    1
  0.8067   0.7371    5
  0.0504   0.5096    1
  0.0913   0.5566    1
  0.1471   0.7264    1
 -0.0343   0.6694    1
  0.1611   0.7126    1
 -0.0749   0.6965    1
  0.3335   0.8700    3
  0.0384   0.4067    1
  0.1689   0.5060    1
  0.1737   0.6480    1
  0.0535   0.6044    1
  0.0582   0.6554    1
 -0.0331   0.6856    1
  0.0024   0.6971    1
  0.1935   0.6639    1
  0.0949   0.6079    1
 -0.0040   0.6893    1
  0.2668   0.5554    1
  0.0481   0.6580    1
  0.1510   0.5731    1
  0.0842   0.6447    1
  0.1961   0.7392    1
  0.0790   0.6353    1
  0.1204   0.7590    3
  0.0868   0.6634    1
  0.6364   0.3329    4
  0.0911   0.6203    1
 -0.0158   0.4701    1
  0.2065   0.6574    1
  0.3126   0.6149    1
  0.1090   0.7248    1
 -0.0486   0.7949    1
  0.1483   0.6429    1
  0.0823   0.5706    1
  0.1140   0.9232    3
  0.1197   0.4872    1
  0.1141   0.6950    1
  0.2902   0.5554    1
  0.5146   0.1667    4
  0.1762   0.6561    1
 -0.0228   0.7488    1
 -0.0759   0.6867    1
 -0.0295   0.6850    1
  0.1189   0.6991    1
  0.0675   0.4949    1
  0.1185   0.6860    1
  0.1444   0.6596    1
  0.1042   0.5486    1
  0.0394   0.3515    1
  0.4983   0.3786    4
  0.1962   0.6250    1
  0.0223   0.6390    1
  0.0962   0.7664    1
  0.6012   0.2302    4
  0.0436   0.5407    1
 -0.0217   0.6444    1
  0.0852   0.6828    1
  0.0443   0.5890    1
  0.0547   0.4580    1
  0.0764   0.7964    1
  0.3110   0.3947    4
  0.4021   0.2914    4
  0.0528   0.4815    1
  0.1091   0.5662    1
  0.1747   0.7533    1
  0.1583   0.6157    1
  0.2075   0.6604    1
  0.1244   0.8005    3
  0.2220   0.4727    1
  0.1227   0.8776    1
  0.0719   0.4312    1
  0.0352   0.5404    1
  0.1791   0.6008    1
  0.0427   0.6147    1
  0.0980   0.7458    1
  0.1195   0.4748    1
 -0.1251   0.5096    1
  0.0518   0.6728    1
  0.4375   0.2964    4
  0.0736   0.7665    1
  0.1647   0.7103    1
  0.2094   0.8412    3
 -0.0472   0.5664    1
 -0.0323   0.5410    1
  0.1601   0.6854    1
  0.0543   0.6853    1
 -0.0486   0.5405    1
  0.6818   0.0803    4
  0.2247   0.6733    1
 -0.0223   0.5123    1
  0.2211   0.5476    1
  0.1106   0.6465    1
  0.0373   0.8969    1
  0.5637   0.3029    4
  0.5581   0.2156    4
  0.0422   0.5470    1
 -0.0604   0.4919    1
  0.0633   0.5944    1
  0.4899   0.2201    4
  0.0012   0.7094    1
  0.0503   0.4647    1
  0.0324   0.7999    3
  0.1827   0.5973    1
  0.0044   0.5950    1
  0.6499   0.3913    4
  0.6133   0.3973    4
  0.1059   0.5862    1
  0.3781   0.6325    1
  0.1750   0.6735    1
  0.1097   0.6229    1
  0.8437   0.0866    2
  0.1678   0.7953    3
 -0.0281   0.5649    1
  0.1752   0.7440    1
  0.2733   0.8389    3
  0.0727   0.5688    1
  0.0960   0.7120    1
  0.0391   0.5669    1
  0.7189   0.3733    4
  0.0284   0.5670    1
  0.2550   0.8291    3
  0.0860   0.5820    1
  0.2963   0.7224    1
  0.1352   0.6825    1
  0.7491   0.1693    2
  0.0539   0.7889    1
  0.3495   0.2074    4
  0.1300   0.5703    1
  0.7347   0.0275    2
  0.1107   0.8143    1
  0.1701   0.5979    1
  0.6168   0.5433    4
  0.1300   0.5895    1
  0.0899   0.6747    1
  0.1192   0.6785    1
  0.2996   0.4632    1
  0.8939  -0.0954    2
  0.1124   0.5279    1
  0.4869   0.3907    4
  0.2250   0.6000    1
  0.7920   0.0712    2
  0.6047   0.2396    4
  0.1520   0.6658    1
  0.0319   0.5428    1
  0.1738   0.4737    1
  0.1405   0.5614    1
  0.0882   0.7009    1
  0.2826   0.6333    1
  0.1723   0.6659    1
 -0.0379   0.6964    1
  0.1737   0.7287    1
  0.1839   0.6152    1
  0.0083   0.5452    1
  0.1514   0.7163    1
 -0.1030   0.5819    1
  0.1798   0.9259    3
  0.5350   0.2645    4
  0.1520   0.6019    1
 -0.0455   0.5488    1
  0.6076   0.3396    4
  0.0811   0.5988    1
  0.1203   0.6372    1
  0.0913   0.4710    1
  0.2074   0.6239    1
  0.1230   0.8493    3
 -0.0628   0.5915    1
  0.0838   0.7659    1
  0.1672   0.6914    1
  0.1056   0.5523    1
  0.1897   0.8895    1
  0.1094   0.6241    1
  0.1745   0.6184    1
  0.1181   1.0050    3
  0.1264   0.5423    1
  0.3698   0.3397    4
  0.3356   1.0080    3
  0.9979   0.3298    2
  0.0867   0.7986    1
  0.1470   0.6163    1
  0.9093   0.1794    2
 -0.0796   0.6227    1
  0.6064   0.3942    4
 -0.0447   0.6913    1
  0.2957   0.7037    1
  0.0033   0.9256    3
 -0.0515   0.7023    1
  0.0668   0.7839    1
 -0.1464   0.7132    1
 -0.0363   0.5676    1
 -0.1811   0.6589    1
  0.9798   0.1667    2
  0.0236   0.6754    1
 -0.0494   0.5355    1
  0.0067   0.7188    1
 -0.0581   0.8013    1
  0.1817   0.6733    1
 -0.0558   0.6651    1
  0.1476   1.0852    3
  0.1843   0.4326    1
  0.1862   0.6318    1
  0.4744   0.3801    4
  0.9094   0.7117    5
  0.8469   0.6805    5
  0.5231   0.2243    4
  0.1884   0.4515    1
  0.0175   0.6877    1
  0.0607   0.7085    1
  0.1857   0.7314    1
  0.8884   0.0624    2
  0.1151   0.6374    1
  0.0637   0.6714    1
  0.0833   0.7726    1
  0.6531   0.1988    4
  0.0257   0.5222    1
  0.1702   0.7851    1
  0.0910   0.5733    1
  0.1630   0.5902    1
 -0.0347   0.6819    1
  0.1222   0.5978    1
  0.0019   0.5009    1
  0.1560   0.6140    1
 -0.0102   0.7267    1
  0.0530   0.5831    1
  0.1342   0.5640    1
  0.0989   0.5450    1
 -0.0138   0.5385    1
  0.4607   0.3519    4
  0.2722   0.7292    1
  0.1385   0.6965    1
  0.9379   0.2568    2
  0.1814   0.5030    1
  0.1451   0.7890    1
 -0.0118   0.6400    1
  1.1452  -0.1321    2
 -0.0087   0.8182    1
  0.1314   0.6523    1
  0.4508   0.3949    4
  0.0609   0.7379    1
  0.0732   0.6974    1
  0.0678   0.5909    1
  0.0939   0.6238    1
  0.1153   0.6845    1
  0.0512   0.7531    1
  0.0425   0.5415    1
  0.0960   0.6072    1
  0.1558   0.6819    1
  0.2717   0.5188    1
  0.1045   0.5987    1
  0.0630   0.5959    1
  0.0879   0.7085    1
  0.0042   0.6326    1
  0.2566   0.9060    3
  0.1052   0.6894    1
  0.0983   0.6403    1
  0.0504   0.7007    1
  0.9389   0.1873    2
  0.1934   0.6609    1
 -0.0615   0.7247    1
  0.0214   0.6238    1
  0.0377   0.6937    1
 -0.0003   0.6224    1
  0.9325   0.2020    2
 -0.0725   0.5281    1
  0.0506   0.7437    1
  0.0670   0.5411    1
 -0.1429   0.6253    1
  0.0892   0.6100    1
  0.2643   0.5357    1
  0.0474   0.5952    1
  0.0812   0.6014    1
  0.3878   0.2662    4
  0.2170   0.7036    1
 -0.0976   0.6346    1
  0.5087   0.1973    4
  0.0524   0.7602    1
  0.5844   0.2787    4
  0.1117   0.9169    1
  0.1317   0.6740    1
  0.7606   0.1364    2
  0.1496   0.5207    1
  0.1082   0.7793    1
  0.0840   0.5841    1
  0.1143   0.7309    1
  0.1832   0.6546    1
  0.1999   0.5568    1
  0.0460   0.7110    1
  0.2330   0.5545    1
  0.0896   0.6127    1
  0.1590   0.8783    3
  0.0326   0.3788    1
  0.1148   0.5490    1
  0.6188   0.5241    4
 -0.1045   0.6730    1
  0.5436   0.1569    4
  0.1065   0.5899    1
  0.1223   0.7275    1
  0.2040   0.5411    1
  0.0997   0.5731    1
  0.9468   0.8410    5
  0.0723   0.9162    3
  0.3513   0.7882    1
  0.1444   0.5121    1
  0.1217   0.4540    1
  0.1305   0.6375    1
  0.9885   0.6250    5
  0.1931   0.4179    1
  0.1091   0.5459    1
  0.1725   0.9194    1
  0.1790   0.6029    1
 -0.0207   0.6417    1
  0.7877   0.6472    5
  0.3919   0.2510    4
  0.1112   0.6045    1
  0.1575   0.5665    1
  0.3179   0.8458    1
  0.1274   0.5451    1
  0.6849   0.3351    4
  0.1586   0.7111    1
  0.1105   0.6986    1
  0.6596   0.3399    4
  0.0835   0.5508    1
  0.2040   0.5737    1
  0.3342   0.6614    1
  0.5001   0.4263    4
  0.1780   0.4573    1
  0.0357   0.5439    1
 -0.0885   0.6579    1
  0.9419  -0.0115    2
  0.0471   0.7173    1
  0.1973   0.8514    3
  0.5575   0.3112    4
  0.0878   0.4906    1
  0.1744   0.6786    1
  0.0266   0.8476    1
  0.0008   0.6742    1
  0.8533   0.0936    2
  0.2668   0.7112    1
  0.5472   0.0783    4
  0.5396   0.0618    4
  0.0008   0.3830    1
  0.0741   0.6793    1
  0.0519   0.4935    1
  0.2533   0.7148    1
  0.1595   0.7290    1
  0.5646   0.1932    4
 -0.0310   0.6437    1
 -0.0118   0.7811    1
  0.0753   0.6393    1
  0.0929   0.7702    1
 -0.2718   0.5266    1
  0.1100   0.7968    1
  0.0663   0.6923    1
  0.3061   0.6015    1
  0.2087   0.7494    1
  0.8799   0.1020    2
  0.1212   0.7615    1
  0.0220   0.4594    1
  0.0546   0.7353    1
  0.2126   0.5648    1
  0.4306   0.3276    4
  0.1216   0.3192    1
  0.5687   0.2378    4
  0.2085   0.4082    1
  0.2749   0.6926    1
  0.2110   0.7290    1
  0.4564   0.2629    4
 -0.1010   0.7433    1
  0.0319   0.7082    1
 -0.1064   0.7790    1
  0.1312   0.8942    3
  0.2124   1.0942    3
  0.3020   0.7900    1
  0.0795   0.6678    1
  0.0203   0.7932    1
  0.3144   0.6029    1
 -0.0062   0.4510    1
  0.2100   0.7092    1
  0.1317   0.5570    1
  0.1765   0.5837    1
  0.0266   0.5772    1
  0.0888   0.5552    1
 -0.1216   0.6476    1
  0.0211   0.6736    1
  0.1979   0.7206    1
  0.2009   0.7522    1
  0.2103   0.5416    1
 -0.0339   0.7595    1
  0.0135   0.7423    1
  0.0735   0.7028    1
  0.0144   0.6454    1
  0.3912   0.9053    3
  0.0183   0.5465    1
  0.0136   0.6338    1
  0.5354   0.1347    4
  0.0026   0.5628    1
  0.0202   0.5892    1
  0.2409   0.7502    1
  0.1657   0.6026    1
 -0.0422   0.5459    1
  0.2054   0.7379    1
  0.0697   0.6505    1
 -0.0590   0.5452    1
  0.0727   0.8951    1
  0.2556   0.7294    1
  0.0840   0.4239    1
  0.0667   0.7751    1
  0.9436   0.1933    2
  0.4576   0.3946    4
  0.1225   0.6406    1
  0.0907   0.8619    3
  0.2625   1.0809    3
  0.4574   0.3376    4
 -0.0764   0.6725    1
  0.0585   0.7432    1
  0.1958   0.7557    1
  0.2557   0.8585    3
  0.9366   0.1730    2
 -0.0129   0.7037    1
  0.5694   0.2637    4
  0.0380   0.6596    1
  0.2303   0.6540    1
 -0.0076   0.5179    1
  0.1017   0.7994    1
  0.1324   0.6518    1
 -0.0248   0.7811    1
  0.8563   0.2339    2
  0.3927   0.2958    4
 -0.0194   0.5869    1
